{
  "height": 33,
  "width": 115,
  "x": 1131.9921875,
  "y": 884.140625
}